1,-1	-1,1 
1.0000, -1.0000		-1.0000, 1.0000		True
1.0000, 359.000		-1.0000, -359.0		True
1.0001,	-1.0000		-1.0000, 1.0000		false
1.0000, -0.9999		-1.0000, 1.0000		false
1.0000, -1.0000		-1.0001, 1.0000		false
1.0000, -1.0000		-1.0000, 0.9999		false


1,179	-1,-179 
1.0000, -181.00		-1.0000, 181.00		True
1.0000, 179.000		-1.0000, -179.0		True
1.0001, 179.000		-1.0000, -179.0		false
1.0000, 178.999		-1.0000, -179.0		false
1.0000, 179.000		-0.9999, -179.0		false
1.0000, 179.000		-1.0000, -179.1		false
